320533
320579
320647
320702
320716
320719
320745
320748
320751
320767
320775
320796
320806
320814
320820
320846
320858
320877
320898
320917
320927
320931
320961
321023
321025
321270
321280
321283
321284
321331
321431
322296
322658
322682
322724
322768
322780
322803
322813
322818
322918
322925
322945
323014
323020
323032
323037
323038
323041
323042
323048
323083
323177
326072
326343
326630
327133
327427
328365
328536
328563
328569
328584
329667
329810
329837
329865
329871
329886
329957
330099
330108
330111
330125
330133
330164
330198
330240
330257
